+------+----------------------+
|  r   |        P_mle         |
+------+----------------------+
| 10.0 | 0.008423742460833607 |
|      |                      |
| 9.0  | 0.009534322795527633 |
|      |                      |
| 8.0  | 0.011390400260684322 |
|      |                      |
| 7.0  | 0.013483451545701892 |
|      |                      |
| 6.0  | 0.016783226363492304 |
|      |                      |
| 5.0  | 0.020584348409257654 |
|      |                      |
| 4.0  | 0.028737275296830896 |
|      |                      |
| 3.0  | 0.043918115025870355 |
|      |                      |
| 2.0  | 0.08244699198998176  |
|      |                      |
| 1.0  | 0.31680056313156923  |
|      |                      |
+------+----------------------+