+------+-----------------------+
|  r   |         P_mle         |
+------+-----------------------+
| 10.0 | 0.0036817090248588446 |
|      |                       |
| 9.0  |  0.003914179473860597 |
|      |                       |
| 8.0  |  0.004231820230903879 |
|      |                       |
| 7.0  |  0.004663868864421011 |
|      |                       |
| 6.0  |  0.004945280460580136 |
|      |                       |
| 5.0  |  0.005532097526993644 |
|      |                       |
| 4.0  |  0.006244127658214646 |
|      |                       |
| 3.0  |  0.007367867244912497 |
|      |                       |
| 2.0  |  0.009428480220068305 |
|      |                       |
| 1.0  |  0.014430646819227917 |
|      |                       |
+------+-----------------------+