+------+----------------------+
|  r   |        P_mle         |
+------+----------------------+
| 10.0 | 0.004330446496349249 |
|      |                      |
| 9.0  | 0.00436588089533802  |
|      |                      |
| 8.0  | 0.005684021435614658 |
|      |                      |
| 7.0  | 0.006108088097366234 |
|      |                      |
| 6.0  | 0.008618868368561908 |
|      |                      |
| 5.0  | 0.010299853334065473 |
|      |                      |
| 4.0  | 0.016683011698494767 |
|      |                      |
| 3.0  | 0.029531371954934594 |
|      |                      |
| 2.0  | 0.08075451774310748  |
|      |                      |
| 1.0  |  0.6043851548512149  |
|      |                      |
+------+----------------------+